33 1 -1.19155 123.948 0 0.469473 -0.0268503 0.00251649 0.882535 2023-04-10 21:40:46
33 1 -1.19155 123.948 0 0.469473 -0.0268503 0.00251649 0.882535 2023-04-10 21:40:46
33 1 -1.12648 125.955 0 0.45395 -0.0271535 0.00281749 0.890609 2023-04-10 21:40:46
33 1 -1.08369 126.781 0 0.447511 -0.027561 0.00323349 0.893848 2023-04-10 21:40:46
33 1 -1.05569 127.599 0 0.441135 -0.0272301 0.00313518 0.897022 2023-04-10 21:40:46
33 1 -1.03853 128.399 0 0.434872 -0.0270043 0.00299181 0.900083 2023-04-10 21:40:46
33 1 -0.972541 129.527 0 0.426005 -0.0267686 0.00323783 0.904319 2023-04-10 21:40:46
33 1 -0.953458 130.201 0 0.420676 -0.0268474 0.00329172 0.906808 2023-04-10 21:40:46
33 1 -0.927526 132.486 0 0.402508 -0.027396 0.00321805 0.915001 2023-04-10 21:40:46
33 1 -0.927526 132.486 0 0.402508 -0.027396 0.00321805 0.915001 2023-04-10 21:40:46
33 1 -0.880802 135.887 0 0.375176 -0.0280207 0.00306292 0.926525 2023-04-10 21:40:46
33 1 -0.880802 135.887 0 0.375176 -0.0280207 0.00306292 0.926525 2023-04-10 21:40:46
33 1 -0.855361 137.569 0 0.361551 -0.0275456 0.00268857 0.931942 2023-04-10 21:40:46
33 1 -0.845637 138.693 0 0.352398 -0.0273677 0.00243237 0.935447 2023-04-10 21:40:46
33 1 -0.835722 140.276 0 0.339445 -0.027251 0.00209263 0.940229 2023-04-10 21:40:46
33 1 -0.823829 141.537 0 0.329081 -0.0273605 0.00193334 0.943903 2023-04-10 21:40:46
33 1 -0.807229 144.321 0 0.306062 -0.0272335 0.00136688 0.951621 2023-04-10 21:40:46
33 1 -0.807229 144.321 0 0.306062 -0.0272335 0.00136688 0.951621 2023-04-10 21:40:46
33 1 -0.763433 146.03 0 0.291849 -0.0271966 0.00134357 0.956077 2023-04-10 21:40:47
33 1 -0.737649 147.053 0 0.283305 -0.0271231 0.00131024 0.958645 2023-04-10 21:40:47
33 1 -0.707929 148.651 0 0.269913 -0.027073 0.00118261 0.962503 2023-04-10 21:40:47
33 1 -0.681498 149.794 0 0.260307 -0.0270856 0.00115198 0.965145 2023-04-10 21:40:47
33 1 -0.638232 152.535 0 0.237159 -0.026843 0.000828175 0.9711 2023-04-10 21:40:47
33 1 -0.638232 152.535 0 0.237159 -0.026843 0.000828175 0.9711 2023-04-10 21:40:47
33 1 -0.628556 154.125 0 0.223669 -0.0267954 0.00052938 0.974297 2023-04-10 21:40:47
33 1 -0.620447 155.254 0 0.214065 -0.0266545 0.000306048 0.976456 2023-04-10 21:40:47
33 1 -0.625717 156.842 0 0.200509 -0.0266021 -0.000121464 0.979331 2023-04-10 21:40:47
33 1 -0.622316 158.101 0 0.189734 -0.0266249 -0.000378608 0.981474 2023-04-10 21:40:47
33 1 -0.6024 159.703 0 0.176005 -0.0265596 -0.000584415 0.984031 2023-04-10 21:40:47
33 1 -0.592105 160.731 0 0.167172 -0.0265555 -0.000731204 0.98557 2023-04-10 21:40:47
33 1 -0.544733 163.37 0 0.144438 -0.0266291 -0.000910706 0.989155 2023-04-10 21:40:47
33 1 -0.544733 163.37 0 0.144438 -0.0266291 -0.000910706 0.989155 2023-04-10 21:40:47
33 1 -0.502807 166.22 0 0.119806 -0.0261902 -0.00125363 0.992451 2023-04-10 21:40:47
33 1 -0.502807 166.22 0 0.119806 -0.0261902 -0.00125363 0.992451 2023-04-10 21:40:47
33 1 -0.485059 168.949 0 0.0961437 -0.0260233 -0.00173393 0.995026 2023-04-10 21:40:47
33 1 -0.485059 168.949 0 0.0961437 -0.0260233 -0.00173393 0.995026 2023-04-10 21:40:47
33 1 -0.476645 170.998 0 0.0783475 -0.0256753 -0.00214981 0.996593 2023-04-10 21:40:47
33 1 -0.473086 172.704 0 0.0635049 -0.0255558 -0.00250607 0.997651 2023-04-10 21:40:47
33 1 -0.456907 174.424 0 0.0485237 -0.0254501 -0.00275133 0.998494 2023-04-10 21:40:47
33 1 -0.432214 176.025 0 0.0345744 -0.0253139 -0.00289441 0.999077 2023-04-10 21:40:47
33 1 -0.410678 177.626 0 0.0206165 -0.0252006 -0.00306137 0.999465 2023-04-10 21:40:47
33 1 -0.393522 179.227 0 0.00666159 -0.0251383 -0.00326343 0.999656 2023-04-10 21:40:47
33 1 -0.381227 -179.062 0 -0.00826478 -0.0250279 -0.00353073 0.999646 2023-04-10 21:40:47
33 1 -0.365251 -177.581 0 -0.0211793 -0.0248883 -0.00371255 0.999459 2023-04-10 21:40:47
33 1 -0.365431 -175.87 0 -0.0360995 -0.0247332 -0.00408182 0.999034 2023-04-10 21:40:47
33 1 -0.352211 -174.271 0 -0.0500387 -0.0246005 -0.00430754 0.998435 2023-04-10 21:40:47
33 1 -0.34004 -172.785 0 -0.0629773 -0.0243677 -0.00450874 0.997707 2023-04-10 21:40:47
33 1 -0.337306 -171.07 0 -0.0778939 -0.0241241 -0.0048353 0.996658 2023-04-10 21:40:47
33 1 -0.323702 -169.354 0 -0.0928116 -0.023931 -0.00506594 0.995383 2023-04-10 21:40:47
33 1 -0.315763 -167.811 0 -0.106199 -0.0237186 -0.00530279 0.994048 2023-04-10 21:40:47
33 1 -0.314184 -166.101 0 -0.121027 -0.0234788 -0.00562315 0.992356 2023-04-10 21:40:47
33 1 -0.304458 -164.388 0 -0.13584 -0.023241 -0.00586702 0.990441 2023-04-10 21:40:47
33 1 -0.295316 -162.676 0 -0.150621 -0.0230147 -0.00611219 0.988305 2023-04-10 21:40:47
33 1 -0.296147 -161.077 0 -0.164397 -0.0228083 -0.00642028 0.98611 2023-04-10 21:40:47
33 1 -0.289001 -159.479 0 -0.178129 -0.0225826 -0.00665008 0.983726 2023-04-10 21:40:47
33 1 -0.280736 -157.767 0 -0.192811 -0.022325 -0.00688281 0.980958 2023-04-10 21:40:47
33 1 -0.276706 -155.938 0 -0.208437 -0.0221297 -0.00718455 0.977759 2023-04-10 21:40:48
33 1 -0.274885 -154.45 0 -0.221117 -0.0219408 -0.00743383 0.974972 2023-04-10 21:40:48
33 1 -0.27893 -152.623 0 -0.236638 -0.0217074 -0.00779179 0.971324 2023-04-10 21:40:48
33 1 -0.269287 -150.916 0 -0.251079 -0.0214455 -0.00799016 0.967696 2023-04-10 21:40:48
33 1 -0.272908 -149.321 0 -0.264522 -0.0211851 -0.00828022 0.964111 2023-04-10 21:40:48
33 1 -0.270895 -147.728 0 -0.277896 -0.0209808 -0.00853037 0.960344 2023-04-10 21:40:48
33 1 -0.279841 -146.015 0 -0.292225 -0.0206904 -0.00887565 0.956085 2023-04-10 21:40:48
33 1 -0.280535 -143.727 0 -0.311254 -0.0202058 -0.00919396 0.950067 2023-04-10 21:40:48
33 1 -0.280535 -143.727 0 -0.311254 -0.0202058 -0.00919396 0.950067 2023-04-10 21:40:48
33 1 -0.280388 -142.012 0 -0.32544 -0.0199783 -0.00946383 0.945304 2023-04-10 21:40:48
33 1 -0.279474 -140.64 0 -0.336734 -0.0198983 -0.00970633 0.941339 2023-04-10 21:40:48
33 1 -0.290099 -137.781 0 -0.360114 -0.0192948 -0.0101619 0.932653 2023-04-10 21:40:48
33 1 -0.290099 -137.781 0 -0.360114 -0.0192948 -0.0101619 0.932653 2023-04-10 21:40:48
33 1 -0.289478 -135.033 0 -0.382377 -0.0191155 -0.0106448 0.923748 2023-04-10 21:40:48
33 1 -0.289478 -135.033 0 -0.382377 -0.0191155 -0.0106448 0.923748 2023-04-10 21:40:48
33 1 -0.286072 -132.393 0 -0.403552 -0.0186645 -0.0109612 0.914701 2023-04-10 21:40:48
33 1 -0.286072 -132.393 0 -0.403552 -0.0186645 -0.0109612 0.914701 2023-04-10 21:40:48
33 1 -0.287946 -129.644 0 -0.425379 -0.0181718 -0.0113184 0.904762 2023-04-10 21:40:48
33 1 -0.287946 -129.644 0 -0.425379 -0.0181718 -0.0113184 0.904762 2023-04-10 21:40:48
33 1 -0.298179 -127.136 0 -0.445083 -0.0177709 -0.0117391 0.895236 2023-04-10 21:40:48
33 1 -0.298179 -127.136 0 -0.445083 -0.0177709 -0.0117391 0.895236 2023-04-10 21:40:48
33 1 -0.298911 -125.423 0 -0.458413 -0.0175327 -0.0119792 0.888486 2023-04-10 21:40:48
33 1 -0.304302 -124.395 0 -0.466368 -0.0173216 -0.012135 0.884338 2023-04-10 21:40:48
33 1 -0.309619 -122.793 0 -0.478684 -0.0171324 -0.012419 0.877732 2023-04-10 21:40:48
33 1 -0.317991 -121.879 0 -0.485672 -0.016973 -0.0126056 0.873886 2023-04-10 21:40:48
33 1 -0.308849 -119.248 0 -0.505609 -0.016481 -0.0127834 0.862511 2023-04-10 21:40:48
33 1 -0.315362 -118.559 0 -0.510787 -0.0163144 -0.0128952 0.859456 2023-04-10 21:40:48
33 1 -0.315362 -118.559 0 -0.510787 -0.0163144 -0.0128952 0.859456 2023-04-10 21:40:48
33 1 -0.322529 -115.704 0 -0.53204 -0.0158417 -0.0132795 0.846467 2023-04-10 21:40:48
33 1 -0.322529 -115.704 0 -0.53204 -0.0158417 -0.0132795 0.846467 2023-04-10 21:40:48
33 1 -0.327185 -114.103 0 -0.543818 -0.0154299 -0.0134023 0.838955 2023-04-10 21:40:48
33 1 -0.327806 -113.076 0 -0.551316 -0.0152522 -0.0135089 0.834048 2023-04-10 21:40:48
33 1 -0.334792 -111.48 0 -0.562882 -0.0149951 -0.0137479 0.826287 2023-04-10 21:40:48
33 1 -0.336531 -110.224 0 -0.571903 -0.014765 -0.0138751 0.820071 2023-04-10 21:40:48
33 1 -0.349201 -107.716 0 -0.58972 -0.0143763 -0.0142724 0.807354 2023-04-10 21:40:48
33 1 -0.349201 -107.716 0 -0.58972 -0.0143763 -0.0142724 0.807354 2023-04-10 21:40:48
33 1 -0.360699 -106.006 0 -0.6017 -0.0141221 -0.014581 0.798464 2023-04-10 21:40:48
33 1 -0.36436 -104.751 0 -0.610412 -0.0138758 -0.0147091 0.791826 2023-04-10 21:40:48
33 1 -0.377692 -101.035 0 -0.635768 -0.013194 -0.0151392 0.771619 2023-04-10 21:40:48
33 1 -0.381804 -99.6613 0 -0.64497 -0.0129198 -0.0152656 0.763946 2023-04-10 21:40:49
33 1 -0.391025 -96.8097 0 -0.663782 -0.0123728 -0.0155452 0.747663 2023-04-10 21:40:49
33 1 -0.398842 -95.2126 0 -0.67414 -0.0120149 -0.0156806 0.73834 2023-04-10 21:40:49
33 1 -0.412637 -92.4745 0 -0.691591 -0.0114009 -0.0159039 0.722024 2023-04-10 21:40:49
33 1 -0.439396 -88.5919 0 -0.715656 -0.0106897 -0.0164453 0.698177 2023-04-10 21:40:49
33 1 -0.453844 -86.3086 0 -0.729427 -0.0101565 -0.0166223 0.683781 2023-04-10 21:40:49
33 1 -0.453844 -86.3086 0 -0.729427 -0.0101565 -0.0166223 0.683781 2023-04-10 21:40:49
33 1 -0.469625 -83.6796 0 -0.744924 -0.00960871 -0.0168745 0.666866 2023-04-10 21:40:49
33 1 -0.487357 -81.9648 0 -0.75482 -0.00926877 -0.0171529 0.655642 2023-04-10 21:40:49
33 1 -0.487357 -81.9648 0 -0.75482 -0.00926877 -0.0171529 0.655642 2023-04-10 21:40:49
33 1 -0.498276 -78.998 0 -0.771542 -0.00870708 -0.0173979 0.635881 2023-04-10 21:40:49
33 1 -0.502607 -77.857 0 -0.777837 -0.00839988 -0.0173785 0.628169 2023-04-10 21:40:49
33 1 -0.502607 -77.857 0 -0.777837 -0.00839988 -0.0173785 0.628169 2023-04-10 21:40:49
33 1 -0.523986 -74.4342 0 -0.796254 -0.00766677 -0.0176531 0.604657 2023-04-10 21:40:49
33 1 -0.530436 -73.4088 0 -0.801633 -0.00746595 -0.0177581 0.597506 2023-04-10 21:40:49
33 1 -0.530436 -73.4088 0 -0.801633 -0.00746595 -0.0177581 0.597506 2023-04-10 21:40:49
33 1 -0.558113 -68.9483 0 -0.824281 -0.00652366 -0.0181042 0.565854 2023-04-10 21:40:49
33 1 -0.558113 -68.9483 0 -0.824281 -0.00652366 -0.0181042 0.565854 2023-04-10 21:40:49
33 1 -0.571664 -67.118 0 -0.833213 -0.00617974 -0.0183386 0.552614 2023-04-10 21:40:49
33 1 -0.573147 -65.5162 0 -0.840857 -0.00585176 -0.0183367 0.540915 2023-04-10 21:40:49
33 1 -0.579895 -63.5762 0 -0.849893 -0.00552409 -0.0185184 0.526601 2023-04-10 21:40:49
33 1 -0.590518 -61.8629 0 -0.857671 -0.00520515 -0.0187101 0.513832 2023-04-10 21:40:49
33 1 -0.590518 -61.8629 0 -0.857671 -0.00520515 -0.0187101 0.513832 2023-04-10 21:40:49
33 1 -0.603084 -59.5814 0 -0.867735 -0.00458019 -0.0185915 0.496658 2023-04-10 21:40:49
33 1 -0.617659 -57.9839 0 -0.874575 -0.004221 -0.0187362 0.48451 2023-04-10 21:40:49
33 1 -0.627248 -56.2671 0 -0.881737 -0.00382167 -0.0187538 0.471353 2023-04-10 21:40:49
33 1 -0.629782 -54.5512 0 -0.888698 -0.00343056 -0.0186441 0.4581 2023-04-10 21:40:49
33 1 -0.631014 -52.9471 0 -0.895023 -0.00318323 -0.0187426 0.445614 2023-04-10 21:40:49
33 1 -0.631557 -51.2271 0 -0.901613 -0.00282983 -0.0186496 0.432132 2023-04-10 21:40:49
33 1 -0.634855 -49.6158 0 -0.907602 -0.00248583 -0.0185798 0.419414 2023-04-10 21:40:49
33 1 -0.616834 -46.6203 0 -0.918255 -0.00212459 -0.0185318 0.395551 2023-04-10 21:40:49
33 1 -0.616834 -46.6203 0 -0.918255 -0.00212459 -0.0185318 0.395551 2023-04-10 21:40:49
33 1 -0.605054 -42.9133 0 -0.930571 -0.00152413 -0.01831 0.365649 2023-04-10 21:40:50
33 1 -0.605054 -42.9133 0 -0.930571 -0.00152413 -0.01831 0.365649 2023-04-10 21:40:50
33 1 -0.584233 -39.3567 0 -0.941486 -0.00074365 -0.0172178 0.33661 2023-04-10 21:40:50
33 1 -0.584233 -39.3567 0 -0.941486 -0.00074365 -0.0172178 0.33661 2023-04-10 21:40:50
33 1 -0.56934 -35.8505 0 -0.951359 9.23847e-06 -0.0161125 0.307663 2023-04-10 21:40:50
33 1 -0.597165 -34.7262 0 -0.954345 0.00071139 -0.0151854 0.29832 2023-04-10 21:40:50
33 1 -0.638124 -33.0203 0 -0.958701 0.00182826 -0.0134256 0.284093 2023-04-10 21:40:50
33 1 -0.638124 -33.0203 0 -0.958701 0.00182826 -0.0134256 0.284093 2023-04-10 21:40:50
33 1 -0.705041 -29.0758 0 -0.967941 0.00377752 -0.00994261 0.250954 2023-04-10 21:40:50
33 1 -0.794499 -24.7447 0 -0.976723 0.00476773 -0.0106222 0.214186 2023-04-10 21:40:50
33 1 -0.794499 -24.7447 0 -0.976723 0.00476773 -0.0106222 0.214186 2023-04-10 21:40:50
33 1 -0.794499 -24.7447 0 -0.976723 0.00476773 -0.0106222 0.214186 2023-04-10 21:40:50
33 1 -0.879803 -21.4414 0 -0.982467 0.00538215 -0.0128423 0.185916 2023-04-10 21:40:50
33 1 -0.890899 -19.6035 0 -0.98531 0.00548671 -0.0139053 0.170123 2023-04-10 21:40:50
33 1 -0.919522 -17.5367 0 -0.988202 0.00580585 -0.0149927 0.15231 2023-04-10 21:40:50
33 1 -0.92496 -15.3701 0 -0.990904 0.00612359 -0.0149732 0.133598 2023-04-10 21:40:50
33 1 -0.947319 -13.2016 0 -0.99325 0.00657509 -0.0150888 0.114819 2023-04-10 21:40:50
33 1 -0.979411 -11.2553 0 -0.995046 0.0070434 -0.0156681 0.0979221 2023-04-10 21:40:50
33 1 -0.995755 -9.42325 0 -0.996473 0.00737923 -0.0162422 0.0819927 2023-04-10 21:40:50
33 1 -1.00956 -7.13543 0 -0.997903 0.00779093 -0.0165997 0.0620763 2023-04-10 21:40:50
33 1 -1.01286 -4.27894 0 -0.999132 0.00821294 -0.0168837 0.0371792 2023-04-10 21:40:50
33 1 -1.01286 -4.27894 0 -0.999132 0.00821294 -0.0168837 0.0371792 2023-04-10 21:40:50
33 1 -1.01825 -2.33501 0 -0.999614 0.00853889 -0.0170494 0.0202218 2023-04-10 21:40:50
33 1 -1.02758 -0.627855 0 -0.999792 0.00886956 -0.0175984 0.0053206 2023-04-10 21:40:50
33 1 -1.03321 1.42833 0 -0.999708 0.00924502 -0.0184121 -0.0126286 2023-04-10 21:40:50
33 1 -1.03719 2.34963 0 -0.999573 0.00942822 -0.0183767 -0.0206666 2023-04-10 21:40:50
33 1 -1.04415 5.20535 0 -0.998746 0.00994555 -0.01817 -0.0455693 2023-04-10 21:40:50
33 1 -1.04415 5.20535 0 -0.998746 0.00994555 -0.01817 -0.0455693 2023-04-10 21:40:50
33 1 -1.03787 6.80629 0 -0.998012 0.0101463 -0.0180758 -0.059517 2023-04-10 21:40:50
33 1 -1.03786 8.05993 0 -0.997299 0.0103522 -0.0180884 -0.0704325 2023-04-10 21:40:50
33 1 -1.05003 10.7962 0 -0.995328 0.0109043 -0.0180126 -0.0942273 2023-04-10 21:40:50
33 1 -1.05003 10.7962 0 -0.995328 0.0109043 -0.0180126 -0.0942273 2023-04-10 21:40:50
33 1 -1.06108 13.6517 0 -0.992668 0.0114562 -0.0178131 -0.119001 2023-04-10 21:40:50
33 1 -1.06108 13.6517 0 -0.992668 0.0114562 -0.0178131 -0.119001 2023-04-10 21:40:50
33 1 -1.06059 15.2502 0 -0.990911 0.0117044 -0.0176904 -0.132836 2023-04-10 21:40:51
33 1 -1.06378 16.508 0 -0.989392 0.0119298 -0.0175867 -0.143705 2023-04-10 21:40:51
33 1 -1.06099 18.3382 0 -0.986966 0.012224 -0.017639 -0.159489 2023-04-10 21:40:51
33 1 -1.06066 19.3695 0 -0.98549 0.0123889 -0.0175849 -0.168365 2023-04-10 21:40:51
33 1 -1.05978 20.9688 0 -0.983044 0.0126283 -0.0174262 -0.182102 2023-04-10 21:40:51
33 1 -1.0586 22.2248 0 -0.980987 0.0128293 -0.0173953 -0.192866 2023-04-10 21:40:51
33 1 -1.05624 24.9657 0 -0.97609 0.0132618 -0.0172696 -0.216274 2023-04-10 21:40:51
33 1 -1.05624 24.9657 0 -0.97609 0.0132618 -0.0172696 -0.216274 2023-04-10 21:40:51
33 1 -1.05901 29.2976 0 -0.967214 0.0139772 -0.0169367 -0.253011 2023-04-10 21:40:51
33 1 -1.05901 29.2976 0 -0.967214 0.0139772 -0.0169367 -0.253011 2023-04-10 21:40:51
33 1 -1.05901 29.2976 0 -0.967214 0.0139772 -0.0169367 -0.253011 2023-04-10 21:40:51
33 1 -1.0521 32.4948 0 -0.959775 0.0144577 -0.0168022 -0.279894 2023-04-10 21:40:51
33 1 -1.04933 33.7538 0 -0.956642 0.0146261 -0.0166749 -0.290422 2023-04-10 21:40:51
33 1 -1.04933 33.7538 0 -0.956642 0.0146261 -0.0166749 -0.290422 2023-04-10 21:40:51
33 1 -1.04682 35.4149 0 -0.95233 0.0148677 -0.0165376 -0.304258 2023-04-10 21:40:51
33 1 -1.04444 36.5595 0 -0.949242 0.0150402 -0.016479 -0.313755 2023-04-10 21:40:51
33 1 -1.038 39.1899 0 -0.941789 0.0153968 -0.0162472 -0.335459 2023-04-10 21:40:51
33 1 -1.038 39.1899 0 -0.941789 0.0153968 -0.0162472 -0.335459 2023-04-10 21:40:51
33 1 -1.03341 41.0117 0 -0.936333 0.0156881 -0.0162085 -0.350389 2023-04-10 21:40:51
33 1 -1.0307 42.1492 0 -0.932809 0.0158319 -0.0160754 -0.359665 2023-04-10 21:40:51
33 1 -1.03798 45.0021 0 -0.923562 0.0163472 -0.0158003 -0.382776 2023-04-10 21:40:51
33 1 -1.03798 45.0021 0 -0.923562 0.0163472 -0.0158003 -0.382776 2023-04-10 21:40:51
33 1 -1.02141 46.4868 0 -0.918523 0.0164944 -0.0158228 -0.394707 2023-04-10 21:40:51
33 1 -1.02386 47.6297 0 -0.914542 0.016625 -0.0155448 -0.403849 2023-04-10 21:40:51
33 1 -1.0189 49.2269 0 -0.908825 0.0168163 -0.0153637 -0.416556 2023-04-10 21:40:51
33 1 -1.01854 50.3714 0 -0.904619 0.0169598 -0.0151829 -0.425612 2023-04-10 21:40:51
33 1 -1.00091 53.1143 0 -0.89417 0.0173119 -0.0151038 -0.447139 2023-04-10 21:40:51
33 1 -1.00091 53.1143 0 -0.89417 0.0173119 -0.0151038 -0.447139 2023-04-10 21:40:51
33 1 -0.983721 55.6278 0 -0.884152 0.0174769 -0.0147347 -0.46664 2023-04-10 21:40:51
33 1 -0.983721